 
 Kjeld's Algorithm Results.
Fri Jan  9 09:07:26 2015
Kp: 1
Ki: 0.7
Kd: 0.5
ff: 0.2
 
 Kjeld's Algorithm Results.
Fri Jan  9 09:12:00 2015
Kp: 1
Ki: 0.7
Kd: 0.5
ff: 0.2
 
 Kjeld's Algorithm Results.
Fri Jan  9 09:19:40 2015
Kp: 1
Ki: 0.7
Kd: 0.5
ff: 0.2
0.243928035673                                0.181040120453
0.368052915912                                0.180702198715
0.309416544264                                0.174509161472
0.346901715576                                0.171740423658
0.156665603028                                0.151447319398
0.335682740913                                0.148799873916
0.4                                0.156354988092
0.248719148087                                0.144398666299
0.4                                0.150903798775
0.4                                0.161007486503
0.4                                0.194231686551
0.4                                0.259160567813
0.358596390659                                0.0982587306391
0.378655586743                                0.104013691058
0.272977362375                                0.0993223363354
0.211420827365                                0.0891776726283
0.266277623902                                0.0846728190645
0.231593237786                                0.0771788027146
0.289165604008                                0.0753601298218
0.0205210331799                                0.0491282399894
0.239107575694                                0.0450093596805
0.211986943837                                0.0386763499355
0.0212232592369                                0.0155275094918
-0.4                                -0.0477656618596
-0.4                                -0.0836509421052
0.4                                0.211135574344
0.4                                0.217495851892
0.4                                0.219646024025
-0.268867859857                                0.153799696589
0.352185809227                                0.149921799473
0.135036561046                                0.126253880822
0.34401813469                                0.123343459554
0.335478584107                                0.119540941715
0.4                                0.121644932481
0.4                                0.133753587642
0.4                                0.161605519753
 
 Kjeld's Algorithm Results.
Fri Jan  9 09:24:21 2015
Kp: 1
Ki: 0.7
Kd: 0.5
ff: 0.0
0.0183245580159                                0.0416315505809
0.373308925658                                0.0791250639447
0.0902556725034                                0.0872005060148
0.4                                0.124137663842
0.236240624011                                0.140550221876
0.4                                0.196328593041
0.4                                0.222602999478
0.395725150073                                0.242458334148
0.4                                0.278020058858
0.4                                0.410715427267
0.4                                0.514689662226
0.4                                0.765188828824
0.4                                1.1279275728
0.1771910809                                -0.0140034289368
-0.0425581954779                                -0.0144372163503
0.4                                0.0261540488104
0.0398702224189                                0.0293863546721
0.4                                0.0707093798681
0.0876108636019                                0.0737715473364
0.4                                0.108620786864
0.259765843601                                0.123149464714
0.4                                0.15373793168
0.4                                0.185248085083
0.4                                0.290417266152
0.4                                0.36549870149
0.4                                0.454299235301
0.193994228691                                0.0325847586099
0.102496969361                                0.0367860940034
0.126885758387                                0.0426868307203
0.0960347208012                                0.0451029875402
0.00207866210638                                0.0386351039824
0.139318125003                                0.0450880626303
0.0171480590607                                0.0397216320318
0.138070881106                                0.0456906631997
0.315142451738                                0.0670012847765
0.327022784614                                0.0871772252999
0.0253137547928                                0.0778432128421
 
 Kjeld's Algorithm Results.
Fri Jan  9 09:27:52 2015
Kp: 1
Ki: 0.7
Kd: 0.5
ff: 0.0
0.041636841367                                0.0481068312078
0.0415916044001                                0.0493420751044
0.0305709841296                                0.0493062659578
-0.0645700633617                                0.0404956761738
0.0701968913731                                0.0445956950436
0.0933565462842                                0.0502684629896
0.018763193847                                0.0484900244592
-0.0524625524591                                0.0402700622964
0.172189795402                                0.0530515098772
0.279410499718                                0.0741823098117
-0.116548450952                                -0.0951935136246
0.00122726458634                                -0.102003398625
-0.028817896183                                -0.110573755836
-0.274363904749                                -0.140241132295
-0.338918906747                                -0.172531148331
-0.224662968549                                -0.19089142309
-0.313683836709                                -0.214991324852
-0.4                                -0.307661931474
-0.4                                -0.40832290118
-0.4                                -0.526532017663
-0.4                                -0.703802376339
0.27160307645                                0.159301120123
0.288574559308                                0.164596068946
0.210605857036                                0.161806755267
0.187556634373                                0.156677113592
0.363773733353                                0.167500582849
0.4                                0.181810828621
0.125129796742                                0.16754293122
0.4                                0.182584784991
0.4                                0.217080768986
0.4                                0.271193439585
0.4                                0.335456315977
 
 Kjeld's Algorithm Results.
Fri Jan  9 09:31:52 2015
Kp: 0.7
Ki: 0.7
Kd: 0.5
ff: 0.0
-0.0672824423551                                -0.17095987495
-0.4                                -0.215106021376
-0.4                                -0.256711862169
-0.267423890023                                -0.280298044077
-0.327901159741                                -0.306989116015
-0.4                                -0.411801231126
-0.4                                -0.484315759657
-0.4                                -0.534733284526
-0.4                                -0.594384392611
-0.4                                -0.805499593307
-0.4                                -0.957006884296
-0.4                                -1.11574480242
-0.4                                -1.31244172882
0.138537221711                                0.240124570971
0.4                                0.285954725161
0.4                                0.393195937652
0.4                                0.440556501829
0.4                                0.528932373472
0.4                                0.582021336911
0.4                                0.715630732606
0.4                                0.805380567834
0.4                                0.929997850403
0.4                                1.04717411735
0.4                                1.3353063078
0.4                                1.49785929269
0.00399511362942                                0.0529658427602
0.178760697247                                0.0518985306958
-0.00971910149936                                0.0331775835169
0.0933078822354                                0.0252275412741
-0.102396216866                                -0.000490901713745
0.0699898354471                                -0.00838854456472
-0.29967706462                                -0.050153773211
-0.106901733594                                -0.070938270032
-0.261036309628                                -0.104426551801
-0.4                                -0.160252338905
 
 Kjeld's Algorithm Results.
Fri Jan  9 09:35:34 2015
Kp: 0.8
Ki: 0.2
Kd: 0.2
ff: 0.0
-0.0897860830638                                -0.0510351584495
-0.0242401669278                                -0.0397270851129
-0.0376610198218                                -0.0330308873367
-0.0803557038337                                -0.0362698860964
-0.0870387651112                                -0.0402774448188
0.083204785248                                -0.00813272758028
0.241751409284                                0.0515776300635
0.0482564710815                                0.060897945255
0.0747014525629                                0.0740200373123
0.4                                0.227678947007
0.4                                0.446387732217
0.4                                0.617462476534
0.4                                0.928336030077
0.0127527096195                                -0.0526093913456
-0.0635526573101                                -0.052105277503
-0.0522170591124                                -0.0492210558101
-0.0675816863033                                -0.0499145131617
-0.0540719723217                                -0.0475787481499
-0.0699461893806                                -0.0488376607341
-0.0719049792657                                -0.0501902727122
-0.0404672611899                                -0.0446748521529
-0.146040304575                                -0.061944002387
-0.092729714464                                -0.0650929776057
-0.108054010517                                -0.0707622639158
-0.189758139488                                -0.0923160376314
-0.202226207259                                -0.112640362425
-0.305663396382                                -0.150812521401
0.265270510212                                0.24640337451
0.264709096192                                0.255064991699
0.288948706368                                0.266777139103
0.229349538247                                0.263571660954
0.271223544678                                0.269063631271
0.246245852926                                0.267878507197
0.254216018549                                0.267993036149
0.216692219787                                0.259729914877
0.215692589476                                0.252110493973
0.259804669536                                0.254420949587
0.270323796129                                0.25800031332
0.176715144064                                0.240979273763
 
 Kjeld's Algorithm Results.
Fri Jan  9 09:38:38 2015
Kp: 0.8
Ki: 0.2
Kd: 0.2
ff: 0.05
-0.000981590831273                                -0.0343807140744
-0.0731916216802                                -0.033706112654
0.0758999931492                                -0.00207886075439
0.0633615724096                                0.000829949113918
0.199787979134                                0.0316102706744
0.181363367283                                0.0533110132284
0.130303345513                                0.060631145934
0.256164385512                                0.0927590584831
0.168778603516                                0.101116288757
0.190292215441                                0.112328631819
0.4                                0.206459030773
0.4                                0.399315970806
0.4                                0.433332108568
0.4                                0.615835850454
0.22540963566                                0.174513087966
0.201571396682                                0.175786840732
0.165076727544                                0.168893384084
0.223241368057                                0.174902090961
0.4                                0.221968713362
0.343391845124                                0.24319379286
0.4                                0.294827522052
0.4                                0.341217148601
0.4                                0.580776889373
0.4                                0.80585561665
0.4                                1.03261928137
0.170072736616                                0.135073814667
0.191759012093                                0.139288504245
0.188314157143                                0.141787676453
0.223170430738                                0.150817839792
0.146764374922                                0.142128945643
0.251949358666                                0.156475747658
0.239610124812                                0.165515917456
0.0302229318687                                0.129157981297
0.343278748391                                0.16373854098
0.4                                0.221173466926
-0.201224804194                                -0.111856618536
-0.173883798438                                -0.11311443073
-0.183603245501                                -0.115945938326
-0.213876030309                                -0.124353288806
-0.4                                -0.238010017142
-0.364986160651                                -0.256524351705
-0.4                                -0.279711572477
-0.4                                -0.316220954831
-0.4                                -0.444231672953
-0.4                                -0.520882086058
-0.4                                -0.630746406603
-0.4                                -0.699035387547
0.048549714899                                0.0316007283043
0.0883424088691                                0.0297947459703
-0.000995104377499                                0.00965765864344
0.090223460648                                0.0118559204172
0.0932976298319                                0.0142984686655
0.0910860481869                                0.0158401789902
0.16600038044                                0.0326640400634
0.110524959333                                0.0350535167338
0.139934747958                                0.0430820323554
0.12718797234                                0.047018927687
0.204160827525                                0.0661977732657
0.231598597487                                0.0877136099694
-0.00734130231153                                0.0557481860435
 
 Kjeld's Algorithm Results.
Fri Jan  9 09:43:20 2015
Kp: 0.6
Ki: 0.2
Kd: 0.2
ff: 0.05
0.133600899362                                0.0118757632503
0.058829391927                                0.0149628476985
0.174430008198                                0.0426850441382
0.0936374209987                                0.0491209114088
0.182719099137                                0.0739221995014
0.13131089135                                0.084129948436
0.205102489132                                0.108811357121
0.162258124401                                0.120697074352
0.306014434423                                0.161931826674
0.283146577541                                0.192398601975
0.359583302549                                0.234997265791
0.4                                0.302496770741
0.102281954582                                0.124230959926
0.217062931218                                0.141229641371
0.0510040485286                                0.11965123501
0.178165160505                                0.128252314009
-0.0420054489982                                0.0876777333914
0.183154373252                                0.101123443249
-0.243484765938                                0.0200241950517
0.0760835310084                                0.0189333191743
-0.4                                -0.0687423370748
-0.343412250068                                -0.127284429069
-0.4                                -0.299337824004
0.154858955113                                0.140527015294
0.0799821572555                                0.123399410039
0.160513682844                                0.125739347234
0.17537808467                                0.130721290213
0.176420385467                                0.134986552645
0.155216240364                                0.133795020996
0.219799197048                                0.146480244397
0.129079183703                                0.137490239584
0.249046461109                                0.155414828686
0.337844726087                                0.189892588578
0.4                                0.26044696677
0.4                                0.345524817566
0.126864512161                                0.0676269049096
0.108898225952                                0.0703204180854
0.0850683806843                                0.067335820093
0.120908887815                                0.0723745960063
0.0080381565906                                0.0521057514224
0.119094247092                                0.0584961320411
0.0931377831575                                0.058283571785
0.128562139559                                0.0656569513207
-0.0457778500744                                0.0340944695411
0.100154568116                                0.0382900327463
-0.354908305271                                -0.0351727700505
-0.157143805872                                -0.0559395778785
-0.135920180497                                -0.111586687137
-0.0601501340857                                -0.0974703545627
-0.146640046004                                -0.103771846553
-0.122670405965                                -0.103814928864
-0.159943880682                                -0.111712467839
0.0251008737282                                -0.0781828098809
-0.138134301351                                -0.0843291689148
0.138868294007                                -0.0293919778276
-0.0784191396254                                -0.0287943096076
0.26969121771                                0.0256067692019
0.106683533772                                0.0373943101148
0.4                                0.203181563282
0.4                                0.316557963426
 
 Kjeld's Algorithm Results.
Fri Jan  9 09:48:59 2015
Kp: 0.8
Ki: 0.2
Kd: 0.3
ff: 0.05
0.218502751637                                0.103328351614
0.177139575327                                0.108563152254
0.229923441222                                0.120766828937
0.211705419474                                0.12866644275
0.326531693833                                0.152298938022
0.257369702811                                0.162740933798
0.246086088429                                0.170045038193
0.289282750873                                0.182573795673
0.0724895803322                                0.161509718783
0.318881170459                                0.178894745449
0.177753371089                                0.173225643126
0.4                                0.213867878865
-0.259193624585                                -0.0484206299797
-0.185647349558                                -0.0639906094354
-0.144708029347                                -0.071603039748
-0.210187240399                                -0.0878200386511
-0.233849600533                                -0.105453835004
-0.4                                -0.153461331685
-0.231075750451                                -0.162500054748
-0.256784889311                                -0.17400027159
-0.4                                -0.22139925205
-0.4                                -0.25857882581
-0.4                                -0.315965491959
-0.4                                -0.351222676047
-0.4                                -0.598182329621
0.114874411264                                -0.0157283981819
-0.00530262874967                                -0.00688732265605
-0.143320455779                                -0.0193546502108
-0.0210686305922                                -0.0123588489831
-0.0347611143387                                -0.0081876430933
-0.0563934721385                                -0.00767710653385
-0.118695897334                                -0.0163646887326
-0.0690927234809                                -0.016711042984
 
 Kjeld's Algorithm Results.
Fri Jan  9 09:51:48 2015
Kp: 0.8
Ki: 0.3
Kd: 0.1
ff: 0.05
-0.223329130308                                -0.164507511637
-0.210427839503                                -0.166301208454
-0.220138957324                                -0.17013921674
-0.226323952219                                -0.174156596213
-0.249471444687                                -0.184305762278
-0.321499839493                                -0.21612179798
-0.227956522224                                -0.204344507452
-0.357709902462                                -0.240981676749
-0.4                                -0.30181077742
-0.4                                -0.504024936947
-0.4                                -0.694719431388
-0.4                                -0.839968773995
0.167577959887                                0.110676524378
0.157982848178                                0.110321364111
0.216944615634                                0.130426737632
0.259819679377                                0.159247131848
0.23630133237                                0.17052021691
0.272714631144                                0.190556332591
0.352718644766                                0.232196794402
0.385489624355                                0.272185764666
0.4                                0.305266362575
0.337688578228                                0.304042357316
0.4                                0.478172218302
0.0316796858603                                0.00530384102989
0.0729278823435                                0.00381057069382
-0.0357992666863                                -0.000370902934005
-0.0404836627793                                -0.00500386201206
-0.0597429081617                                -0.0151104714644
-0.053522338946                                -0.0200006997475
-0.0690796648271                                -0.0288951125188
-0.0921615666688                                -0.0432600505992
-0.157408103218                                -0.0764136960525
-0.137607574437                                -0.092527570541
-0.153720620932                                -0.109207102304
-0.278137606773                                -0.164673511836
0.106707813318                                0.0515068574198
0.105519742001                                0.0540072026903
0.108680510151                                0.0566186949288
0.119840361575                                0.0621368318653
0.110173043968                                0.0622920374739
0.117811426686                                0.0647838361855
0.172747770357                                0.0857245763458
0.278401543107                                0.137678176497
0.262915301333                                0.168355187467
0.4                                0.242204803657
0.4                                0.524620516404
0.4                                0.711486734863
 
 Kjeld's Algorithm Results.
Fri Jan  9 10:44:56 2015
Kp: 0.8
Ki: 0.3
Kd: 0.05
ff: 0.05
-0.0431108528898                                -0.0326268445413
-0.0233933511123                                -0.0214408879861
-0.0310299331518                                -0.0193081123191
0.102016195351                                0.000233775203844
0.088818581632                                0.00372731083811
0.103046371638                                0.0134603223961
0.104625872928                                0.01958186951
0.114104147201                                0.0280149787908
0.203109589893                                0.0814686026423
0.4                                0.365075513704
 
 Kjeld's Algorithm Results.
Fri Jan  9 10:48:11 2015
Kp: 0.8
Ki: 0.35
Kd: 0.1
ff: 0.05
-0.4                                -0.349076802032
-0.4                                -0.444338309618
-0.4                                -0.471239416342
-0.4                                -0.496982855104
-0.4                                -0.54457695135
-0.4                                -0.674360060959
-0.4                                -0.711349755804
-0.4                                -0.835792859599
-0.4                                -0.875304455344
-0.4                                -1.17330310618
-0.4                                -1.36089171008
-0.4                                -1.55266886473
-0.4                                -1.73964327587
0.0221523404031                                0.0025439852749
-0.0195912326515                                -0.00505142502083
-0.0604105611435                                -0.0248994282669
-0.0653503925522                                -0.040587129387
-0.0947634569813                                -0.0619103563276
-0.0773914377555                                -0.0704963380205
-0.146686334172                                -0.100747686339
-0.163142711298                                -0.127436591131
-0.261652227515                                -0.180553604603
-0.261637053449                                -0.217131835232
-0.4                                -0.317921792702
-0.4                                -0.56755414927
-0.4                                -0.846831093641
-0.175692716573                                -0.11091465979
-0.190246898724                                -0.125714130455
-0.169996541903                                -0.128251339763
-0.183150726878                                -0.133924527038
-0.263387895381                                -0.165597948095
-0.27190252178                                -0.190074790836
-0.270156933742                                -0.205649516161
-0.312782853187                                -0.23055688211
-0.4                                -0.315357626013
-0.4                                -0.345967124699
-0.4                                -0.428427298725
-0.4                                -0.576365740105
0.130287456946                                0.0642282843437
0.151205997871                                0.0833619803332
0.119812386457                                0.0852838777279
0.141667641488                                0.0938753886277
0.123800397784                                0.0930494645085
0.132973696946                                0.095141065323
0.184555384397                                0.114342456782
0.218949592269                                0.139469696462
0.309779661562                                0.188677799023
0.295203269117                                0.217262697405
0.4                                0.290311478409
0.4                                0.489113888396
0.4                                0.797399231408
-0.356621030138                                -0.250950889086
-0.4                                -0.292047512949
-0.4                                -0.313429192292
-0.4                                -0.336546467707
-0.4                                -0.339950064749
-0.4                                -0.368850791741
-0.4                                -0.411844255079
-0.4                                -0.466457152416
-0.4                                -0.445049389529
-0.4                                -0.527782014261
-0.4                                -0.730438470894
-0.4                                -1.11641130197
0.248164626218                                0.162199941431
0.224804500612                                0.155973393513
0.269462007201                                0.166434751584
0.200427848211                                0.148325061788
0.258233664361                                0.15506534501
0.272823947431                                0.164065240654
0.348072101405                                0.196142189562
0.309392668468                                0.203965428803
0.4                                0.248679727961
0.4                                0.296714221569
0.4                                0.377830822555
0.4                                0.386829448875
0.4                                0.606550592175
 
 Kjeld's Algorithm Results.
Fri Jan  9 11:01:23 2015
Kp: 0.8
Ki: 0.4
Kd: 0.1
ff: 0.05
-0.13139359378                                -0.122781497111
-0.272132781192                                -0.175118407082
-0.199756002087                                -0.185329283925
-0.357829240303                                -0.247310988259
-0.283533046046                                -0.263169496999
-0.4                                -0.365508370325
-0.4                                -0.399082053118
-0.4                                -0.483033741163
-0.4                                -0.538784950142
-0.4                                -0.8528723905
-0.4                                -0.996631139646
-0.4                                -1.16988891287
-0.4                                -1.35862530897
0.0669593581087                                0.114871336111
0.122193933263                                0.139676914296
0.134467008907                                0.160631061009
0.150404434426                                0.180004499918
0.154441920124                                0.193899632371
0.325827599308                                0.263154225082
0.285566968795                                0.296127796148
0.330998510268                                0.333523586106
0.4                                0.382999076019
0.4                                0.488056186317
0.4                                0.555016284774
0.4                                0.641121525443
0.4                                0.772920798991
0.4                                0.916637365176
0.4                                0.310198071055
0.4                                0.324735468753
0.4                                0.336083313916
0.4                                0.332238443781
0.4                                0.344886800367
0.4                                0.3474065647
0.4                                0.324016230988
0.4                                0.351742740639
0.4                                0.398973694952
0.4                                0.437079523889
0.4                                0.545008404669
0.4                                0.748547849206
0.4                                0.459274610252
0.4                                0.480944616124
0.4                                0.505382128061
0.4                                0.779836363286
0.4                                0.840035089362
0.4                                0.897510101053
0.4                                0.962622429653
0.4                                1.11665319468
0.4                                1.20612026166
0.4                                1.30203297612
0.4                                1.40473866151
0.4                                1.6107679452
