 
 Kjeld's Algorithm Results.
Fri Jan 16 14:19:42 2015
Kp: 1
Ki: 0
Kd: 0
ff: 0
0.0454711652444                                0.0454711652444
0.0174678556549                                0.0174678556549
-0.0201579640048                                -0.0201579640048
-0.0339954987418                                -0.0339954987418
-0.0836084953873                                -0.0836084953873
-0.0951172999534                                -0.0951172999534
-0.263988667813                                -0.263988667813
-0.345550094437                                -0.345550094437
-0.4                                -0.933673170508
-0.4                                -0.977240101632
0.010638849673                                0.010638849673
0.012044702144                                0.012044702144
0.00430052571943                                0.00430052571943
-0.00852454062565                                -0.00852454062565
-0.00622764357167                                -0.00622764357167
-0.00404366086561                                -0.00404366086561
-0.0357329544126                                -0.0357329544126
-0.0997175643132                                -0.0997175643132
-0.126419119097                                -0.126419119097
-0.173637826257                                -0.173637826257
-0.4                                -0.4912343096
0.0257323710597                                0.0257323710597
0.0112202205353                                0.0112202205353
0.016332946238                                0.016332946238
0.0237842599457                                0.0237842599457
-0.0455433695811                                -0.0455433695811
-0.167042730806                                -0.167042730806
-0.204090537242                                -0.204090537242
-0.287099046785                                -0.287099046785
-0.4                                -0.524157787814
-0.4                                -0.549252055934
-0.4                                -0.600885078427
-0.4                                -0.678602307338
-0.4                                -0.723597411967
-0.4                                -0.74858810892
-0.4                                -0.932639963866
-0.4                                -0.967347657509
-0.4                                -1.05888776972
-0.4                                -1.14966330773
-0.268791050948                                -0.268791050948
-0.288033830955                                -0.288033830955
-0.307206604407                                -0.307206604407
-0.35884690796                                -0.35884690796
-0.4                                -0.42980845952
-0.4                                -0.442079729508
-0.4                                -0.483063906796
-0.4                                -0.514088072239
-0.4                                -0.552254535078
-0.4                                -0.664529890483
-0.4                                -0.791161859293
-0.4                                -0.903231858607
-0.4                                -1.23144128864
-0.4                                -1.44258216037
-0.231857568454                                -0.231857568454
-0.265080081604                                -0.265080081604
-0.283345332828                                -0.283345332828
-0.303609281085                                -0.303609281085
-0.326873611666                                -0.326873611666
-0.399436241699                                -0.399436241699
-0.4                                -0.44260041941
-0.4                                -0.570576348779
-0.4                                -0.659058841008
-0.4                                -0.71633063086
-0.4                                -0.833396072645
-0.4                                -1.16019979402
-0.4                                -1.36584412404
-0.4                                -1.72440907769
0.0976322485455                                0.0976322485455
0.101898133722                                0.101898133722
0.108088525564                                0.108088525564
0.114679102956                                0.114679102956
0.124810103772                                0.124810103772
0.138026407453                                0.138026407453
0.16036907399                                0.16036907399
0.178639297352                                0.178639297352
0.193721839899                                0.193721839899
0.238138496179                                0.238138496179
0.4                                0.455437577246
0.312861290022                                0.312861290022
0.332112573019                                0.332112573019
0.374832801091                                0.374832801091
0.4                                0.403432732914
0.4                                0.420887448125
0.4                                0.4311681975
0.4                                0.496566591835
0.4                                0.539134514077
0.4                                0.593708366944
0.4                                0.668120531586
0.4                                0.896369133876
0.4                                1.25260146502
0.165962904986                                0.165962904986
0.175688764424                                0.175688764424
0.180876344267                                0.180876344267
0.191860938844                                0.191860938844
0.236882524811                                0.236882524811
0.258062337434                                0.258062337434
0.288075628338                                0.288075628338
0.364122767921                                0.364122767921
0.4                                0.472293688126
0.4                                0.555374829258
0.4                                0.675655263527
0.00288901295312                                0.00288901295312
0.00435263036877                                0.00435263036877
0.00545170190634                                0.00545170190634
0.00893439591315                                0.00893439591315
0.0142887817739                                0.0142887817739
0.0178772251247                                0.0178772251247
0.01916768956                                0.01916768956
0.0246927444205                                0.0246927444205
0.0185267138952                                0.0185267138952
0.0227223492927                                0.0227223492927
0.0369145484116                                0.0369145484116
0.0332587274053                                0.0332587274053
 
 Kjeld's Algorithm Results.
Fri Jan 16 14:27:40 2015
Kp: 0.8
Ki: 0.1
Kd: 0.1
ff: 0
-0.0786380559073                                -0.0805829527273
-0.0886052654898                                -0.0877666220768
-0.123833225433                                -0.105291208719
-0.160003584134                                -0.130493731337
-0.188785321896                                -0.158491704363
-0.198415197955                                -0.18160520297
-0.29723340093                                -0.232991004814
-0.4                                -0.347643917058
-0.4                                -0.543792004143
-0.4                                -0.773726050303
-0.229975575572                                -0.25425839017
-0.4                                -0.340010935148
-0.362169264649                                -0.370858492655
-0.4                                -0.424025458064
-0.4                                -0.47644018596
-0.4                                -0.691855008763
-0.4                                -0.817925273879
-0.4                                -0.916375151357
-0.4                                -1.0527965831
-0.4                                -1.23074024576
-0.4                                -1.33398904888
-0.4                                -1.42794166565
-0.4                                -1.53867830243
-0.4                                -1.74778447347
-0.4                                -0.507761197584
-0.4                                -0.54558373874
-0.4                                -0.571678357826
-0.4                                -0.622762505883
-0.4                                -0.694650879316
-0.4                                -0.758752314345
-0.4                                -0.846223732733
-0.4                                -0.945275664442
-0.4                                -1.17085572565
-0.4                                -1.31579424985
-0.4                                -1.47675820037
-0.4                                -1.63401772191
0.27427173271                                0.283397314615
0.262850768347                                0.288017521348
0.30758284645                                0.306745651103
0.396632842592                                0.351299136807
0.37957809186                                0.376360001331
0.4                                0.410523829886
0.4                                0.456232944298
0.4                                0.558125947716
0.4                                0.616931186165
0.4                                0.717325534229
0.4                                0.8548389434
0.4                                1.21760131119
0.4                                1.43664062431
0.153525367009                                0.162952814269
0.163783366696                                0.173468954437
0.184786098093                                0.188145484547
0.202235000803                                0.204495301128
0.172833758557                                0.205306678814
0.231602250334                                0.226470569636
0.308362278974                                0.268522426119
0.307190994682                                0.297609704744
0.4                                0.354311929975
0.4                                0.447287433156
0.4                                0.824518657688
 
 Kjeld's Algorithm Results.
Fri Jan 16 14:31:44 2015
Kp: 0.8
Ki: 0.1
Kd: 0.1
ff: 0.1
 
 Kjeld's Algorithm Results.
Fri Jan 16 14:34:16 2015
Kp: 0.8
Ki: 0.1
Kd: 0.1
ff: 0.1
 
 Kjeld's Algorithm Results.
Fri Jan 16 14:36:08 2015
Kp: 0.8
Ki: 0.2
Kd: 0.2
ff: 0.05
0.059339791989                                0.0140775435879
0.100567642351                                0.0151068304978
0.0851304906441                                0.0127219921667
0.0808341520324                                0.0098190998886
0.0674429968324                                0.00460061437688
-0.0438384263801                                -0.00209405743251
-0.0312905698422                                -0.0050482965438
-0.0259096955922                                -0.00637586395123
-0.0741045223298                                -0.0174863291753
0.171891845259                                0.00366322799399
0.0806918178793                                0.0022830968126
0.118090945456                                0.00890591840991
-0.0933711483774                                -0.144394513502
-0.174089795742                                -0.144953149692
-0.0836470479474                                -0.126313288043
-0.137968680546                                -0.121843236718
-0.150400310202                                -0.120457164366
 
 Kjeld's Algorithm Results.
Fri Jan 16 14:38:57 2015
Kp: 0.8
Ki: 0.2
Kd: 0.1
ff: 0.02
-0.0888736886672                                -0.074693923763
-0.158674284292                                -0.102642967816
-0.107517861758                                -0.103965115821
-0.126439469057                                -0.111269831889
-0.13093085731                                -0.117671298817
-0.293472373762                                -0.1796527
-0.306991110022                                -0.227939181004
-0.4                                -0.327156348752
-0.4                                -0.479067014547
 
 Kjeld's Algorithm Results.
Fri Jan 16 14:43:12 2015
Kp: 0.8
Ki: 0.2
Kd: 0.5
ff: 0.02
-0.3314076563                                -0.128906901022
-0.392965588694                                -0.152642601075
-0.239763840965                                -0.160286340834
-0.277074799552                                -0.170660576982
-0.4                                -0.198320085099
-0.4                                -0.259906393003
-0.4                                -0.28702929647
-0.4                                -0.327405482259
-0.4                                -0.402530072406
-0.4                                -0.600816059889
-0.4                                -0.805310139891
-0.4                                -1.16590560251
-0.4                                -1.54665269827
 
 Kjeld's Algorithm Results.
Fri Jan 16 14:45:43 2015
Kp: 0.8
Ki: 0.5
Kd: 0.5
ff: 0.02
-0.288858562259                                -0.235655808267
-0.342001125005                                -0.24552105245
-0.264537064942                                -0.246911385517
-0.252774051915                                -0.246538871245
-0.14954112531                                -0.0704368114316
-0.220726374625                                -0.084156252968
-0.144463302214                                -0.0895906581993
-0.157049033735                                -0.095566641329
-0.4                                -0.155239910134
-0.4                                -0.178496148298
-0.4                                -0.199851042152
-0.4                                -0.229531156372
-0.4                                -0.312781284495
-0.4                                -0.423261896143
-0.4                                -0.571263716064
-0.4                                -0.814561422625
 
 Kjeld's Algorithm Results.
Fri Jan 16 14:52:07 2015
Kp: 0.8
Ki: 0.8
Kd: 0.5
ff: 0.02
-0.125228389211                                -0.0622025876024
-0.153275907937                                -0.0706717262965
-0.102642731414                                -0.0735528463487
-0.125507071571                                -0.0780485499303
-0.224456798219                                -0.0910360794938
-0.182531569117                                -0.0988136277735
-0.4                                -0.14032150515
-0.377743110095                                -0.161405914879
-0.4                                -0.27899511136
-0.4                                -0.475183793008
 
 Kjeld's Algorithm Results.
Fri Jan 16 14:55:31 2015
Kp: 0.8
Ki: 0.8
Kd: 0.5
ff: 0.02
 
 Kjeld's Algorithm Results.
Fri Jan 16 14:57:05 2015
Kp: 0.8
Ki: 0.8
Kd: 0.5
ff: 0.02
 
 Kjeld's Algorithm Results.
Fri Jan 16 14:57:46 2015
Kp: 0.8
Ki: 0.8
Kd: 0.5
ff: 0.02
 
 Kjeld's Algorithm Results.
Fri Jan 16 14:59:09 2015
Kp: 0.8
Ki: 0.8
Kd: 0.5
ff: 0.02
 
 Kjeld's Algorithm Results.
Fri Jan 16 15:03:56 2015
Kp: 0.8
Ki: 0.8
Kd: 0.5
ff: 0.02
 
 Kjeld's Algorithm Results.
Fri Jan 16 15:10:00 2015
Kp: 0.8
Ki: 0.8
Kd: 0.5
ff: 0.02
 
 Kjeld's Algorithm Results.
Fri Jan 16 15:13:31 2015
Kp: 0.8
Ki: 0.8
Kd: 0.5
ff: 0.02
 
 Kjeld's Algorithm Results.
Fri Jan 16 15:16:01 2015
Kp: 0.8
Ki: 0.8
Kd: 0.5
ff: 0.02
 
 Kjeld's Algorithm Results.
Fri Jan 16 15:18:11 2015
Kp: 0.8
Ki: 0.8
Kd: 0.5
ff: 0.02
 
 Kjeld's Algorithm Results.
Fri Jan 16 15:19:02 2015
Kp: 0.8
Ki: 0.8
Kd: 0.5
ff: 0.02
 
 Kjeld's Algorithm Results.
Fri Jan 16 15:23:04 2015
Kp: 0.8
Ki: 0.8
Kd: 0.5
ff: 0.02
 
 Kjeld's Algorithm Results.
Fri Jan 16 15:23:55 2015
Kp: 0.8
Ki: 0.8
Kd: 0.5
ff: 0.02
 
 Kjeld's Algorithm Results.
Fri Jan 16 15:25:32 2015
Kp: 0.8
Ki: 0.8
Kd: 0.5
ff: 0.02
 
 Kjeld's Algorithm Results.
Fri Jan 16 15:26:25 2015
Kp: 0.8
Ki: 0.8
Kd: 0.5
ff: 0.02
