 
 Kjeld's Algorithm Results.
Mon Jan  5 11:28:16 2015
Kp: 0.1
Ki: 0.0
Kd: 0.0
ff: 0.0
0.0424627294108                                0.424627294108
0.045396364835                                0.45396364835
0.0519882367263                                0.519882367263
0.0564636633864                                0.564636633864
0.0617856366433                                0.617856366433
0.0681799916561                                0.681799916561
0.0864921420575                                0.864921420575
0.100174613355                                1.00174613355
0.116011990165                                1.16011990165
0.134885774482                                1.34885774482
0.173667099904                                1.73667099904
 
 Kjeld's Algorithm Results.
Mon Jan  5 11:30:28 2015
Kp: 0.2
Ki: 0.0
Kd: 0.0
ff: 0.0
-0.0113981724691                                -0.0569908623454
-0.0131874489938                                -0.065937244969
-0.0150231971722                                -0.0751159858612
-0.0210012900125                                -0.105006450063
-0.0242140742863                                -0.121070371431
-0.0269482615538                                -0.134741307769
-0.0309110208025                                -0.154555104013
-0.0437336062389                                -0.218668031194
-0.0555439072239                                -0.27771953612
-0.0738734748659                                -0.36936737433
-0.103827384086                                -0.519136920431
 
 Kjeld's Algorithm Results.
Mon Jan  5 11:32:18 2015
Kp: 0.4
Ki: 0.0
Kd: 0.0
ff: 0.0
0.164562523072                                0.41140630768
0.175524069812                                0.43881017453
0.206267988573                                0.515669971432
0.227114170004                                0.56778542501
0.250522445418                                0.626306113544
0.278024595772                                0.695061489429
0.346290235035                                0.865725587587
0.392020242222                                0.980050605555
0.4                                1.12153322432
0.4                                1.28732915336
0.4                                1.64785674561
 
 Kjeld's Algorithm Results.
Mon Jan  5 11:33:26 2015
Kp: 0.6
Ki: 0.0
Kd: 0.0
ff: 0.0
0.4                                0.99150837117
0.4                                1.04941832047
0.4                                1.11265961909
0.4                                1.25659320537
0.4                                1.33817325411
0.4                                1.4229865184
0.4                                1.5095470351
 
 Kjeld's Algorithm Results.
Mon Jan  5 11:34:37 2015
Kp: 0.6
Ki: 0.1
Kd: 0.0
ff: 0.0
0.100669665478                                0.143868255292
0.110627421127                                0.159138361691
0.134122366408                                0.196657788919
0.148472679334                                0.218752043434
0.161549640988                                0.238558987957
0.179475811677                                0.26621746027
0.235135687224                                0.356017110263
0.278861342997                                0.42534863129
0.342295149941                                0.526682621021
0.4                                0.668788792378
 
 Kjeld's Algorithm Results.
Mon Jan  5 11:35:58 2015
Kp: 0.6
Ki: 0.2
Kd: 0.0
ff: 0.0
0.169538172192                                0.309486628475
0.181206022884                                0.323540701272
0.195519530869                                0.341701522538
0.210603496676                                0.360827671033
0.244139206029                                0.409889036022
0.267831187739                                0.442008857906
0.296129452407                                0.481153408872
0.334070654987                                0.535464340824
0.4                                0.714691467495
0.4                                0.843520531424
0.4                                1.01735255734
0.4                                1.23909772768
 
 Kjeld's Algorithm Results.
Mon Jan  5 11:40:12 2015
Kp: 0.6
Ki: 0.4
Kd: 0.0
ff: 0.0
0.0340745240253                                -0.0983793642122
0.0299844649438                                -0.101802705821
0.022527835622                                -0.110545569055
0.0126383933822                                -0.122930296247
-0.00409656910787                                -0.145956677803
-0.020499236051                                -0.167704312299
-0.0395732070938                                -0.193058965197
-0.0632799939065                                -0.225068009566
-0.130854814854                                -0.326799397882
-0.198743989398                                -0.425756150441
-0.318162200373                                -0.604632098773
 
 Kjeld's Algorithm Results.
Mon Jan  5 11:41:55 2015
Kp: 0.6
Ki: 0.5
Kd: 0.0
ff: 0.0
0.15274953421                                0.0995250508132
0.167036042778                                0.118402462488
0.178890332659                                0.132633227799
0.193514214468                                0.150726109581
0.207665493333                                0.167339111383
0.235282207515                                0.204832289617
0.254358651197                                0.227161307924
0.27735186207                                0.254863993005
0.307546046225                                0.292980127932
0.4                                0.443523738477
0.4                                0.608674968013
0.4                                0.96628536144
 
 Kjeld's Algorithm Results.
Mon Jan  5 11:44:49 2015
Kp: 0.8
Ki: 0.5
Kd: 0.0
ff: 0.0
0.0251688263272                                -0.0711382977803
0.0122126770236                                -0.0846870151853
-0.0110663703064                                -0.110337769064
-0.0247855724488                                -0.123623536235
-0.0428885478276                                -0.14182036893
-0.0672064264932                                -0.166998998557
-0.131589310475                                -0.239978282215
-0.176244254183                                -0.286833417552
-0.239390761834                                -0.354682717202
-0.343215199806                                -0.469782559677
 
 Kjeld's Algorithm Results.
Mon Jan  5 11:46:50 2015
Kp: 0.8
Ki: 0.6
Kd: 0.0
ff: 0.0
0.0598718315725                                0.133488489866
0.0955348638221                                0.171631113424
0.121699326799                                0.196951028574
0.150259315405                                0.224241941524
0.182389770628                                0.254848202943
0.251025075706                                0.328329960761
0.2922306573                                0.366107891811
0.340423578817                                0.410938837309
0.4                                0.47309776491
0.4                                0.6707592584
0.4                                0.851441622819
0.4                                1.11373384951
0.4                                1.48688466966
 
 Kjeld's Algorithm Results.
Mon Jan  5 11:48:39 2015
Kp: 0.8
Ki: 0.5
Kd: 0.0
ff: 0.0
-0.368969788055                                -0.354918137178
-0.396995923727                                -0.378134115654
-0.4                                -0.394093633996
-0.4                                -0.414910929387
-0.4                                -0.437546794847
-0.4                                -0.505687094464
-0.4                                -0.546820336935
-0.4                                -0.597895088668
-0.4                                -0.666693349909
-0.4                                -0.867931344711
-0.4                                -1.01533483044
-0.4                                -1.20796143441
-0.4                                -1.45047718016
 
 Kjeld's Algorithm Results.
Mon Jan  5 11:49:36 2015
Kp: 0.9
Ki: 0.5
Kd: 0.0
ff: 0.0
-0.22717074204                                -0.097037591165
-0.236338144054                                -0.104325658446
-0.243319357501                                -0.109053303836
-0.249508172046                                -0.112796527564
-0.254160047113                                -0.114777026892
-0.267180471564                                -0.125751079626
-0.283141806284                                -0.139607898792
-0.3107579942                                -0.165690050626
-0.360071247747                                -0.214523566606
 
 Kjeld's Algorithm Results.
Mon Jan  5 12:19:08 2015
Kp: 1.0
Ki: 0.5
Kd: 0.0
ff: 0.0
-0.211157042956                                -0.149209918831
-0.217937019449                                -0.152185263731
-0.22604907089                                -0.156387624558
-0.230817090998                                -0.157225019186
-0.242423421656                                -0.164713512043
-0.255305631509                                -0.173264118923
-0.26964673845                                -0.183029488648
-0.292846703627                                -0.201199467146
-0.36502234734                                -0.266707425229
-0.4                                -0.341759240755
-0.4                                -0.475020449599
 
 Kjeld's Algorithm Results.
Mon Jan  5 12:20:46 2015
Kp: 1.0
Ki: 0.5
Kd: 0.2
ff: 0.0
-0.20839186611                                -0.158452274238
-0.213126753885                                -0.157733064389
-0.228951391515                                -0.159524999041
-0.250877231962                                -0.164521109305
-0.377878757592                                -0.192953534967
-0.357569240685                                -0.210584648872
-0.4                                -0.236076073637
-0.4                                -0.27470362417
-0.4                                -0.461027922007
 
 Kjeld's Algorithm Results.
Mon Jan  5 12:21:52 2015
Kp: 1.0
Ki: 0.5
Kd: 0.2
ff: 0.0
0.00398739392905                                0.00605001381536
0.000137203712825                                0.00403341199911
-0.0134322753119                                -0.000292303740125
-0.0566180223823                                -0.0123283838265
-0.0691572251638                                -0.0243433715939
-0.0859878814824                                -0.0371358140015
-0.106854916672                                -0.0512867412593
-0.244150688633                                -0.0896185447339
-0.24623141197                                -0.120099634011
-0.372115367797                                -0.168817210546
-0.4                                -0.266022321705
 
 Kjeld's Algorithm Results.
Mon Jan  5 12:23:17 2015
Kp: 1.0
Ki: 0.5
Kd: 0.4
ff: 0.0
-0.315567285702                                -0.166560768335
-0.4                                -0.186464369351
-0.387368436714                                -0.199675413007
-0.4                                -0.215787468069
-0.4                                -0.234763721985
-0.4                                -0.291374250177
-0.4                                -0.331743787313
-0.4                                -0.392883686736
-0.4                                -0.490545181872
 
 Kjeld's Algorithm Results.
Mon Jan  5 12:24:48 2015
Kp: 1.0
Ki: 0.5
Kd: 0.8
ff: 0.0
-0.0294597527177                                0.047486984818
-0.002928816611                                0.0477778118085
-0.002299359232                                0.0480179436106
0.209624851288                                0.0606209316144
0.216722155734                                0.0727930073392
0.242006700858                                0.0856105069891
0.259207231229                                0.0985409188595
0.4                                0.128003552838
0.4                                0.149070604728
0.4                                0.188014379477
0.4                                0.268800421039
 
 Kjeld's Algorithm Results.
Mon Jan  5 12:25:47 2015
Kp: 1.0
Ki: 0.5
Kd: 0.9
ff: 0.0
0.101277140541                                0.0502605390518
0.0649969356001                                0.053721514612
-0.0107615879202                                0.0529433805094
0.0275874385942                                0.0541533162863
0.0323205639543                                0.0554756887666
0.0729268125839                                0.0587882806748
0.4                                0.0800941896178
0.211673449505                                0.0891907821459
0.204433323505                                0.0972995216965
0.245977943166                                0.107027219123
0.4                                0.165934105714
 
 Kjeld's Algorithm Results.
Mon Jan  5 12:27:04 2015
Kp: 1.0
Ki: 0.5
Kd: 1.5
ff: 0.0
0.4                                0.113154060442
0.340870350778                                0.117527242954
0.281966924296                                0.119762661739
0.123421626133                                0.116717478784
0.183135107697                                0.115603540217
0.334357464511                                0.119307460001
0.4                                0.128389117299
0.4                                0.139716090658
0.4                                0.188994470827
0.4                                0.240999469536
0.4                                0.331437795895
Extremely stable in the middle part of the navigation

 
 Kjeld's Algorithm Results.
Mon Jan  5 12:29:07 2015
Kp: 1.0
Ki: 0.5
Kd: 1.9
ff: 0.0
-0.250378389643                                -0.092083908693
-0.4                                -0.0992633440811
-0.4                                -0.105014956023
-0.395094454694                                -0.108838502401
-0.4                                -0.115485459384
-0.4                                -0.129620589529
-0.4                                -0.141408561979
-0.4                                -0.159831795314
-0.4                                -0.18575391913
-0.4                                -0.321627748454
 
 Kjeld's Algorithm Results.
Mon Jan  5 12:30:33 2015
Kp: 1.0
Ki: 0.5
Kd: 2.5
ff: 0.0
-0.0077731205295                                -0.0684843880875
0.0595847835851                                -0.0622705421655
0.186273923661                                -0.053668127668
-0.111679901913                                -0.0510515945472
-0.23199310053                                -0.0508205362956
-0.314875012709                                -0.0521935590529
0.171767136129                                -0.0439760999652
0.0715252768043                                -0.0378667320561
-0.0514400995175                                -0.0342714417586
-0.4                                -0.0481663266428
 
 Kjeld's Algorithm Results.
Mon Jan  5 12:33:43 2015
Kp: 1.0
Ki: 0.7
Kd: 1.5
ff: 0.0
-0.163993949626                                -0.010979878341
-0.0924837288061                                -0.0144150901153
-0.0860915864034                                -0.0175135171387
-0.0109488382697                                -0.0180676363418
0.4                                -0.00521537477581
0.0997075131071                                -0.00258783844744
-0.0379587206189                                -0.0044808485821
0.0167129799255                                -0.00454406023975
-0.00067737114623                                -0.00516038563665
0.0939816967411                                -0.00270026256665
 
 Kjeld's Algorithm Results.
Mon Jan  5 12:36:33 2015
Kp: 1.0
Ki: 0.8
Kd: 1.5
ff: 0.0
-0.0534165560058                                -0.0594888971112
0.0702143408552                                -0.0517275286711
0.132328365679                                -0.0421584507338
0.064655079556                                -0.0350358544057
0.0291275649162                                -0.0292513244643
-0.0578384968003                                -0.0264246527664
-0.0306418420893                                -0.0227824558669
-0.10791328213                                -0.0217223474527
-0.4                                -0.0487626832132
 
 Kjeld's Algorithm Results.
Mon Jan  5 12:37:58 2015
Kp: 1.0
Ki: 1.0
Kd: 1.5
ff: 0.0
-0.0063294200815                                0.125004255225
-0.0660337898022                                0.124776125334
-0.0734248585146                                0.124116744603
0.101775062491                                0.12892230537
0.20520904927                                0.1366889622
0.4                                0.169934219901
0.4                                0.191761114019
0.4                                0.215117466944
0.4                                0.246311829926
0.4                                0.371464957117
0.4                                0.51605978259
 
 Kjeld's Algorithm Results.
Mon Jan  5 12:40:10 2015
Kp: 1.0
Ki: 0
Kd: 1.5
ff: 0.0
0.102089778915                                0.0405088034136
0.0114878631023                                0.0395726440487
-0.0623205489045                                0.0362857668567
-0.0489295158134                                0.0335368867705
0.032602692127                                0.0335067514594
0.396860766422                                0.0452278487163
0.237222579275                                0.0514212271214
0.248382426234                                0.0577748141896
0.4                                0.0697592886637
0.4                                0.0990629384367
0.4                                0.123086618034
 
 Kjeld's Algorithm Results.
Mon Jan  5 12:41:12 2015
Kp: 1.0
Ki: 0.9
Kd: 1.5
ff: 0.0
-0.4                                -0.119223443964
-0.4                                -0.119873655647
-0.0153908497379                                -0.10658174119
-0.1355530515                                -0.0974533337071
-0.125333499612                                -0.0881617512817
-0.0941096877852                                -0.0780493800981
-0.0648230647753                                -0.0672209059276
-0.364449174953                                -0.0663108381001
-0.4                                -0.0697649574014
-0.4                                -0.0814570139784
 
 Kjeld's Algorithm Results.
Mon Jan  5 12:42:30 2015
Kp: 1.0
Ki: 0.7
Kd: 1.5
ff: 0.0
0.0333948291098                                0.0752555634499
0.0557514458562                                0.0763471393212
0.0281549331334                                0.0764270044264
0.0219118366867                                0.0762168517457
0.130697165512                                0.0794329999202
0.241756017651                                0.0860308134331
0.297134458422                                0.0940959581952
0.4                                0.106717459967
0.236016361771                                0.111896919359
0.35087701232                                0.120478457627
0.4                                0.138036451034
0.4                                0.239889735536
 
 Kjeld's Algorithm Results.
Mon Jan  5 12:44:30 2015
Kp: 1.0
Ki: 0.7
Kd: 2
ff: 0.0
0.00898419938969                                0.0401264568038
-0.049743374173                                0.0366258989462
0.147319883058                                0.03798471548
0.189858986533                                0.0403135152798
0.138213746092                                0.0412906269775
-0.0306799686095                                0.0380920302006
0.0758369254153                                0.0375373769021
0.128716498993                                0.0382533421378
0.289550050562                                0.0428380452941
0.4                                0.0954531481899
 
 Kjeld's Algorithm Results.
Mon Jan  5 12:46:00 2015
Kp: 1.5
Ki: 0.7
Kd: 1.5
ff: 0.0
-0.4                                -0.0640962310537
-0.361360794358                                -0.0749641943741
-0.4                                -0.0877443338
-0.398213383779                                -0.0984492387161
-0.4                                -0.124074523066
-0.4                                -0.143786339761
-0.4                                -0.169114546687
-0.4                                -0.202593664901
-0.4                                -0.328000669263
-0.4                                -0.481072395862
 
 Kjeld's Algorithm Results.
Mon Jan  5 12:47:34 2015
Kp: 2
Ki: 0.7
Kd: 1.5
ff: 0.0
-0.271715372527                                -0.00674033464934
-0.315140046796                                -0.0140021023652
-0.122034966922                                -0.0147593328324
-0.0609590861181                                -0.0135457994023
-0.0390964538674                                -0.0117120944503
-0.256396508777                                -0.0167652857425
-0.379024299347                                -0.0253070914031
-0.4                                -0.038257413825
-0.4                                -0.0540492707067
-0.4                                -0.104941263846
 
 Kjeld's Algorithm Results.
Mon Jan  5 12:51:19 2015
Kp: 1.2
Ki: 0.7
Kd: 1.5
ff: 0.0
-0.241122966944                                -0.102098556207
-0.236001820452                                -0.102803980978
-0.313828811785                                -0.105857977941
-0.367084402429                                -0.110377602411
-0.4                                -0.122450902182
-0.4                                -0.130521385965
-0.4                                -0.138718036751
-0.4                                -0.156506221078
-0.4                                -0.289153835806
 
 Kjeld's Algorithm Results.
Mon Jan  5 12:52:14 2015
Kp: 1
Ki: 0.7
Kd: 1.5
ff: 0.0
0.366018004977                                0.0763783441128
0.214195927478                                0.0795444333784
0.219012010328                                0.0826704106831
0.233999309806                                0.0860818221296
0.4                                0.0991174236992
0.4                                0.109631642667
0.4                                0.124690165086
0.4                                0.142401552597
0.4                                0.233834904805
 
 Kjeld's Algorithm Results.
Mon Jan  5 12:53:25 2015
Kp: 1
Ki: 0.7
Kd: 1.5
ff: 0.1
-0.300809397856                                -0.0204829363784
-0.311695946118                                -0.0278936252716
-0.4                                -0.0456495341722
-0.4                                -0.0554421081482
-0.348332281138                                -0.0627219482536
-0.398603472211                                -0.0713080969905
-0.4                                -0.0845935750518
-0.4                                -0.0956155561138
-0.4                                -0.11349813739
-0.4                                -0.144746120334
 
 Kjeld's Algorithm Results.
Mon Jan  5 12:55:09 2015
Kp: 1
Ki: 0.7
Kd: 1.5
ff: 0.2
-0.4                                -0.00859051269669
-0.4                                -0.0155680029602
-0.4                                -0.0221601797308
-0.323336321759                                -0.0259666468894
-0.4                                -0.0336305354873
-0.251798211553                                -0.0346821829328
-0.181972255102                                -0.0334097353902
-0.109764927394                                -0.0298154033545
-0.346206538827                                -0.0339258628758
-0.4                                -0.0433053208207
-0.4                                -0.0605030821832
 
 Kjeld's Algorithm Results.
Mon Jan  5 12:58:18 2015
Kp: 1
Ki: 0.7
Kd: 1.5
ff: 0.3
0.4                                0.0281651077636
0.4                                0.0317438610339
0.4                                0.0353979548873
0.255053124806                                0.0325016716362
0.0573893029469                                0.0232962623274
0.0081046647344                                0.012783541636
0.0782293833887                                0.00486653419135
-0.4                                -0.00403496593125
-0.4                                -0.0146114745786
-0.4                                -0.0240643214942
-0.4                                -0.039396314561
-0.4                                -0.0731693868704
 
 Kjeld's Algorithm Results.
Mon Jan  5 13:15:31 2015
Kp: 1
Ki: 0.7
Kd: 1.5
ff: 0.4
0.4                                0.281973159763
0.4                                0.289265121468
0.4                                0.295916503578
0.4                                0.304403186722
0.4                                0.335581716708
0.4                                0.355825397596
0.4                                0.384914038717
0.4                                0.432722349962
0.4                                0.583862342887
0.4                                0.715410842954
0.4                                0.917236974728
0.4                                1.21080449781
 
 Kjeld's Algorithm Results.
Mon Jan  5 13:19:20 2015
Kp: 1
Ki: 0.7
Kd: 1.5
ff: 0.5
-0.044060911989                                -0.0206239027239
-0.378678774946                                -0.0157767850686
-0.287482597318                                -0.00813502915552
0.4                                0.00245656194962
0.4                                0.0360764596847
0.4                                0.0524002832622
0.4                                0.0705310178874
0.4                                0.0936444138498
0.4                                0.159471237126
0.4                                0.206246051523
0.4                                0.278232274399
0.4                                0.414419719939
 
 Kjeld's Algorithm Results.
Mon Jan  5 13:22:32 2015
Kp: 1
Ki: 0.7
Kd: 1.5
ff: 2.5
-0.4                                -0.211702353839
-0.4                                -0.216267182718
-0.4                                -0.225397100099
-0.4                                -0.232597897209
-0.4                                -0.24553100193
-0.4                                -0.265890989811
-0.4                                -0.321894674378
-0.4                                -0.367474077602
-0.4                                -0.432272954025
-0.4                                -0.538737008515
 
 Kjeld's Algorithm Results.
Mon Jan  5 13:23:41 2015
Kp: 1
Ki: 0.7
Kd: 1.5
ff: 0.05
-0.185774093235                                0.000234339476659
-0.297389260565                                -0.00467001295744
-0.395657004328                                -0.012571893619
-0.398821932912                                -0.0202980522192
-0.4                                -0.0335122883538
-0.322919245012                                -0.0380336988189
-0.325044115787                                -0.0424298968298
-0.16441462083                                -0.0414558803639
-0.290875928136                                -0.0445423909976
-0.393837660156                                -0.050793335652
 
 Kjeld's Algorithm Results.
Mon Jan  5 13:29:22 2015
Kp: 1
Ki: 0.7
Kd: 1.5
ff: 0
0.00632691719512                                0.0586200422551
-0.139456570385                                0.0478913789234
0.13829270675                                0.0464160503886
0.219336952655                                0.047548959301
0.374519513106                                0.0535907061754
0.326279533585                                0.0578161533156
0.292439751283                                0.0607451066437
0.4                                0.0683353315404
0.4                                0.0812796678595
0.4                                0.132537306729
 
 Kjeld's Algorithm Results.
Mon Jan  5 13:33:44 2015
Kp: 1
Ki: 0.7
Kd: 1.5
ff: 0.1
0.141736460427                                0.0603316443573
0.0627217548819                                0.0568484439906
0.0787161896725                                0.0539326627194
0.332892258134                                0.05924327935
0.4                                0.068445929884
0.4                                0.0794903000547
0.4                                0.0939469246511
0.4                                0.131555908763
0.4                                0.161894091446
0.4                                0.2103768409
0.4                                0.301307824372
 
 Kjeld's Algorithm Results.
Mon Jan  5 13:36:08 2015
Kp: 1
Ki: 0.7
Kd: 0.5
ff: 0.1
-0.174335541746                                -0.0410290843692
-0.196599900402                                -0.0473858065306
-0.174389992672                                -0.0509833426118
-0.181381373183                                -0.0547153158181
-0.19824079531                                -0.0594515295141
-0.293796817339                                -0.0722143165967
-0.199772241194                                -0.0750304283864
-0.253293846013                                -0.082194602172
-0.291675576347                                -0.0919043128301
-0.4                                -0.13845703982
-0.4                                -0.185872807404
 
 Kjeld's Algorithm Results.
Mon Jan  5 13:39:27 2015
Kp: 1
Ki: 0.7
Kd: 0.5
ff: 0.2
0.237431446783                                0.0293827901026
0.280421095622                                0.0347272513069
0.297986605937                                0.0410520966683
0.260541637481                                0.0432602218857
0.234969910035                                0.0428067028067
0.21590617539                                0.0405323792875
0.275183017011                                0.0437145245665
0.256814395388                                0.0447949797371
0.290473777762                                0.0486822574707
0.348921058356                                0.0573470675221
 
 Kjeld's Algorithm Results.
Mon Jan  5 13:41:00 2015
Kp: 1
Ki: 0.7
Kd: 0.5
ff: 0.2
0.296394459979                                0.0158343545995
0.206832575999                                0.0193034514018
0.154967869027                                0.0176859289959
0.200131519193                                0.0202567870468
0.230684652727                                0.0252910169061
0.241625606737                                0.0307643351672
0.224213193194                                0.0340487952793
0.190269635239                                0.0338412135241
0.171688530156                                0.0318619325899
0.177910802662                                0.0305311030044
0.188580961864                                0.0301951967734
0.238532624396                                0.0343216823498
 
 Kjeld's Algorithm Results.
Mon Jan  5 13:45:16 2015
Kp: 1
Ki: 0.1
Kd: 0.5
ff: 0.2
-0.28856819121                                -0.0209263549997
-0.316635276305                                -0.0292748846616
-0.33922163909                                -0.0389000809344
-0.325835935846                                -0.0464122807598
-0.4                                -0.0637189652441
-0.379137164521                                -0.0737579795823
-0.4                                -0.0854238003827
-0.4                                -0.102410444231
-0.4                                -0.174871272156
 
 Kjeld's Algorithm Results.
Mon Jan  5 13:52:08 2015
Kp: 1
Ki: 0.7
Kd: 0.5
ff: 0.2
-0.33563250268                                -0.0678401447726
-0.309627981884                                -0.0652066306345
-0.325745363691                                -0.0640738719897
-0.327295061704                                -0.0629845675986
-0.237965757702                                -0.0537025732371
-0.271069468109                                -0.0481207134028
-0.256768239334                                -0.0416137761952
-0.273612118691                                -0.0371115582625
-0.314817295245                                -0.036647950894
-0.4                                -0.0467484813299
-0.244022945393                                -0.0772360958115
-0.220717598282                                -0.0674618586768
-0.301765167249                                -0.0657349925749
-0.309826333318                                -0.0646921090508
-0.293213090411                                -0.0620363499238
-0.18517019764                                -0.0496419904958
-0.270159655328                                -0.0459544865303
-0.328652317193                                -0.04776773666
-0.354939360078                                -0.0516415629762
-0.4                                -0.0750582403424
-0.334864679977                                -0.0180784237698
-0.363271884429                                -0.0270416858217
-0.319211106744                                -0.0310856716695
-0.361191176641                                -0.0384560323279
-0.372435057057                                -0.0460320654833
-0.392452722711                                -0.054565538516
-0.30697261973                                -0.0543792977817
-0.347099977347                                -0.0576744201064
-0.388188021611                                -0.0642009867404
 
 Kjeld's Algorithm Results.
Mon Jan  5 14:02:24 2015
Kp: 1
Ki: 0.7
Kd: 0.5
ff: 0.2
-0.210613055627                                -0.0426478080588
-0.201752566413                                -0.0435931744127
-0.165510678625                                -0.0410273397635
-0.131619897469                                -0.0355008255324
-0.213757431865                                -0.0378234230124
-0.27354554179                                -0.0452262562629
-0.324641510619                                -0.0564216692547
-0.370410835449                                -0.0705357332624
-0.4                                -0.112550521226
-0.4                                -0.165752354652
-0.4                                -0.0415010894273
-0.351709653537                                -0.0500947258597
-0.339826368808                                -0.056646584871
-0.296827037128                                -0.0585076295436
-0.367632296098                                -0.0664249778591
-0.330708683165                                -0.070043011026
-0.313109451328                                -0.0715046870067
-0.266890501563                                -0.0684140794849
-0.363960100534                                -0.0741928770354
-0.4                                -0.0950870924796
0.158413045669                                0.0597373934873
0.278827338552                                0.0564681318521
0.281926684139                                0.0536072659363
0.276006058363                                0.0503081685878
0.167129881538                                0.0372924969783
0.201151560256                                0.0284623859887
0.232830909072                                0.0232410045124
0.270673913765                                0.021864996789
0.227156473901                                0.0166051153223
0.242645821897                                0.0131895606592
0.266585493514                                0.0122219567048
 
 Kjeld's Algorithm Results.
Mon Jan  5 14:04:56 2015
Kp: 1
Ki: 0.7
Kd: 0.5
ff: 0.2
-0.116742029027                                -0.0172079924132
0.4                                0.00516176061981
0.327669924055                                0.0172315158136
0.331936686333                                0.0285012223077
0.336072387259                                0.0389982973496
0.39715658083                                0.0539226293461
0.378153594556                                0.0655540785227
0.4                                0.0794287438878
0.4                                0.0994341991035
0.4                                0.215591853436
 
 Kjeld's Algorithm Results.
Mon Jan  5 14:06:07 2015
Kp: 1
Ki: 0.7
Kd: 0.3
ff: 0.2
0.254288643959                                0.0634896035295
0.234525447844                                0.0580910009497
0.152852647635                                0.0415881437043
0.200235393843                                0.0340415932716
0.204015266011                                0.0279732370253
0.220408028909                                0.0249886687417
0.205381613156                                0.0201829219243
0.22026294044                                0.0180991186708
0.196788092204                                0.0128949769635
0.174628407269                                0.00524240278136
-0.273751882979                                -0.00818747915728
-0.252250856511                                -0.0165445087797
 
 Kjeld's Algorithm Results.
Mon Jan  5 14:07:00 2015
Kp: 1
Ki: 0.7
Kd: 0.3
ff: 0.2
0.230389969433                                0.0155222451084
0.221282256108                                0.0163344393955
0.212587515257                                0.0157099503397
0.221912764222                                0.016424728786
0.230138427822                                0.0181218814184
0.217830131954                                0.0177296076554
0.208195001606                                0.0159372396108
0.177752695275                                0.0100020131736
0.210736460473                                0.00957874893968
0.230941019378                                0.0120421060525
0.214963927487                                0.0118120530423
 
 Kjeld's Algorithm Results.
Mon Jan  5 14:07:53 2015
Kp: 1
Ki: 0.7
Kd: 0.3
ff: 0.2
0.23930308774                                0.0677216329684
0.228795437213                                0.064514863365
0.205850247988                                0.0581973328656
0.211850325697                                0.0533725976933
0.226212506706                                0.0510336821362
0.209907427155                                0.0464672639744
0.26764362566                                0.050548477236
0.353368254983                                0.0659632195513
0.4                                0.0912556296244
0.4                                0.138962762448
-0.184026286254                                -0.0675894481811
-0.224106292006                                -0.0592430000311
-0.228061364997                                -0.0523919522826
-0.243088935335                                -0.0484242999042
-0.255622092952                                -0.0465810010911
-0.258990863819                                -0.0452560036426
-0.254806606703                                -0.0433060104751
-0.244839637721                                -0.0400106816401
-0.346457856205                                -0.0514457735543
-0.378282082761                                -0.0654662676505
 
 Kjeld's Algorithm Results.
Mon Jan  5 14:09:54 2015
Kp: 1
Ki: 0.2
Kd: 0.3
ff: 0.2
-0.176728894411                                -0.0868490271293
-0.265308473092                                -0.0786082835076
-0.246483516466                                -0.068659339914
-0.232267692838                                -0.0579353125653
-0.132211094817                                -0.0343513427129
-0.20017429322                                -0.0237776037433
-0.19307058459                                -0.0136605532416
0.242391397378                                7.69818071644e-05
0.4                                0.0380478342295
0.4                                0.0674835927456
0.262839167234                                0.0144817487858
0.261605250816                                0.0267550214807
0.271508009605                                0.0385794224108
0.326668287988                                0.0564334246209
0.288842336294                                0.0661441643751
0.292824920537                                0.0748228167228
0.322896153552                                0.0863109493106
0.4                                0.129930949577
0.4                                0.170873665513
0.4                                0.244074224109
 
 Kjeld's Algorithm Results.
Mon Jan  5 14:11:32 2015
Kp: 1
Ki: 0.4
Kd: 0.3
ff: 0.2
 
 Kjeld's Algorithm Results.
Mon Jan  5 14:12:01 2015
Kp: 1
Ki: 0.8
Kd: 0.3
ff: 0.2
-0.287739365971                                -0.0393397716688
-0.293484147009                                -0.0503203482437
-0.4                                -0.075237840647
-0.36609812124                                -0.0905163795711
-0.4                                -0.108613011052
-0.4                                -0.129530784403
-0.4                                -0.185405892297
-0.4                                -0.222766631607
-0.4                                -0.269466455107
-0.4                                -0.34292193568
0.258898821366                                0.0286815718143
0.228508481314                                0.0276487299441
0.211399076839                                0.0241810587943
0.169415862505                                0.0151247401033
-0.28632027631                                -0.000596714522416
-0.4                                -0.0400950385517
-0.392180722896                                -0.0624648179873
-0.4                                -0.0860211047334
-0.4                                -0.118687142131
 
 Kjeld's Algorithm Results.
Mon Jan  5 14:14:07 2015
Kp: 1
Ki: 0.6
Kd: 0.3
ff: 0.2
0.4                                0.0829242797963
0.334067504932                                0.0895973713046
0.333559713931                                0.0948381731409
0.319610028184                                0.0969220963381
0.316447481126                                0.0978372214072
0.348832804037                                0.102807485516
0.347888297649                                0.106476454747
0.367478464007                                0.111940137266
0.4                                0.127984033696
0.4                                0.150029003725
0.4                                0.200219927539
-0.246032731043                                -0.00261301674714
0.206463422934                                0.00398521359718
0.205526428623                                0.00946641293527
0.210655928695                                0.0148337961092
0.243414844089                                0.0240113495309
0.217910852405                                0.0281139083303
0.228358052855                                0.032981495243
0.265066570972                                0.0422168572254
0.4                                0.0793239034633
 
 Kjeld's Algorithm Results.
Mon Jan  5 14:20:34 2015
Kp: 1
Ki: 0.7
Kd: 0.3
ff: 0.2
-0.222402705881                                -0.0352861271316
-0.292896306459                                -0.0480227563852
-0.280623770859                                -0.056902137117
-0.283729460387                                -0.064633537134
-0.265290133912                                -0.0682848377491
-0.279678055601                                -0.0731044192783
-0.272028843504                                -0.0757639249506
-0.29740390285                                -0.0812621987254
-0.37375679972                                -0.0964005587203
0.271396598317                                0.0763494758816
0.228262936005                                0.0646448140355
0.276702970833                                0.0612261211087
0.264993978391                                0.0563413927162
0.214968028309                                0.0447839983761
0.0687323430829                                0.0139172618857
-0.24695658105                                -0.000493036229572
-0.253312280565                                -0.0136842561214
-0.286614210559                                -0.029600432437
-0.4                                -0.100394765042
 
 Kjeld's Algorithm Results.
Mon Jan  5 14:24:41 2015
Kp: 1.5
Ki: 0.7
Kd: 0.3
ff: 0.2
0.172773265926                                0.0197818480892
-0.327262492789                                -0.00186707749752
-0.269404745729                                -0.0114185650554
-0.303424063849                                -0.0234860625591
-0.323730199489                                -0.0356810338228
-0.39350904566                                -0.0544865862541
-0.360138510607                                -0.0647793200319
-0.367311676588                                -0.0736263396001
-0.4                                -0.0855831350301
-0.4                                -0.138517262107
-0.4                                -0.202510066437
-0.4                                -0.145916450062
-0.4                                -0.151087606858
-0.4                                -0.157512866643
-0.4                                -0.162146120558
-0.4                                -0.18522169299
-0.4                                -0.204040895772
-0.4                                -0.229048248395
-0.4                                -0.262917406158
-0.4                                -0.412656379214
-0.4                                -0.620655100561
 
 Kjeld's Algorithm Results.
Mon Jan  5 15:00:26 2015
Kp: 0.7
Ki: 0.7
Kd: 0.3
ff: 0.2
0.330222057106                                0.0473380005465
0.316407843631                                0.0575932919586
0.386114228494                                0.0767799835869
0.347661649418                                0.087764433664
0.35343040379                                0.0979505806061
0.367924054759                                0.108668065729
0.4                                0.146581210953
0.4                                0.179123633127
0.4                                0.227099106811
0.4                                0.316912297217
0.359625481526                                0.104314785975
0.373022595021                                0.10721452993
0.305493301579                                0.0992140342723
0.305961279093                                0.091640539449
0.311107500034                                0.0851814203876
0.219583446074                                0.0653952113241
0.272047429378                                0.0552182100661
0.254482240021                                0.043256838981
0.247207268528                                0.0312958609012
0.116792884629                                0.00111388502751
 
 Kjeld's Algorithm Results.
Mon Jan  5 15:18:18 2015
Kp: 0.7
Ki: 0.7
Kd: 0.3
ff: 0.2
0.363571130652                                0.136368221094
0.336066591609                                0.138756338158
0.33820668827                                0.140480514433
0.35203665356                                0.143339936101
0.39781070425                                0.151938849676
0.4                                0.165817423969
0.4                                0.184946471626
0.4                                0.209311459474
0.4                                0.353240383867
-0.37551028624                                -0.126724657206
-0.31883782898                                -0.130291500422
-0.353785793977                                -0.137981006254
-0.374420041818                                -0.147178028914
-0.4                                -0.17152062346
-0.4                                -0.191605631412
-0.4                                -0.215222723706
-0.4                                -0.246004618856
-0.4                                -0.36646762342
-0.4                                -0.490763622519
-0.4                                -0.722412690778
 
 Kjeld's Algorithm Results.
Mon Jan  5 15:19:59 2015
Kp: 1.1
Ki: 0.7
Kd: 0.3
ff: 0.2
0.4                                0.163179342805
0.37784584582                                0.161364400114
0.380480847566                                0.15941591961
0.390865336178                                0.158450824781
0.389200595416                                0.156628668005
0.4                                0.158284529678
0.4                                0.16698007401
0.4                                0.207601992792
0.4                                0.251094162392
0.4                                0.329066010619
0.4                                0.50641279947
-0.28944984395                                -0.0572838503853
-0.254642118724                                -0.0611687261266
-0.225128836589                                -0.0599991489575
-0.20065365028                                -0.0552910032621
-0.114263987162                                -0.0389527100028
-0.123775425579                                -0.026355419745
-0.132646694038                                -0.0168761047095
-0.129187132805                                -0.00833705563999
0.335684192288                                0.00797652760559
0.385038809416                                0.0285731552349
 
 Kjeld's Algorithm Results.
Mon Jan  5 15:23:01 2015
Kp: 1
Ki: 0.7
Kd: 0.3
ff: 0.2
-0.258645328265                                -0.045816202398
-0.278269133358                                -0.0454214523375
-0.31250582782                                -0.0497254243725
-0.31469674923                                -0.0534602308782
-0.364318400524                                -0.0634331352489
-0.349810990994                                -0.069561046686
-0.382997433045                                -0.0791586691507
-0.3960555807                                -0.0888066192607
-0.4                                -0.115105269108
-0.4                                -0.15424561715
0.22419020216                                0.0247125622656
0.232654291363                                0.0247472697001
0.239152655429                                0.025577469307
0.24351629977                                0.0267785539632
0.209328513988                                0.0228100355221
0.181321837097                                0.0153308402439
0.20368602268                                0.0120547115312
0.248917268719                                0.0156300574955
0.379025411794                                0.0370960371471
